var pieChartData = [
    ['Mushrooms', 2],
    ['Onions', 2],
    ['Olives', 3],
    ['Zucchini', 2],
    ['Pepperoni', 2]
];

var pieChartOptions = {'title': 'How Much Pizza I Ate Last Night',
    'width': 400,
    'height': 300};


var pieChartArrayData = [
    ['Topping', 'Slices'],
    ['Mushrooms', 2],
    ['Onions', 2],
    ['Olives', 3],
    ['Zucchini', 2],
    ['Pepperoni', 2]
];

var vBarChartData = [
    ['Year', 'Sales', 'Expenses'],
    ['2004', 1000, 400],
    ['2005', 1170, 460],
    ['2006', 660, 1120],
    ['2007', 1030, 540]
];

var hBarChartData = [
    ['Year', '2004' , '2005', '2006', '2007' ],
    ['Sales', 1000, 1170, 660, 1030],
    ['Expenses', 400, 460, 1120, 540]
];

